0	8441	28504	3055
1	8011	28707	3282
2	7859	28774	3367
3	7977	28681	3342
4	8095	28709	3196
5	8199	28595	3206
6	8235	28488	3277
7	8012	28813	3175
8	8199	28638	3163
9	8005	28690	3305
10	7894	28795	3311
11	8009	28611	3380
12	8032	28768	3200
13	8144	28524	3332
14	8182	28668	3150
15	8007	28728	3265
16	7811	28837	3352
17	8024	28667	3309
18	7992	28717	3291
19	7909	28813	3278
20	8198	28577	3225
21	8022	28687	3291
22	8044	28739	3217
23	7984	28682	3334
24	8023	28718	3259
25	7939	28645	3416
26	7829	28879	3292
27	7881	28846	3273
28	7835	28927	3238
29	7988	28681	3331
30	7948	28766	3286
31	8072	28658	3270
32	8084	28776	3140
33	8009	28770	3221
34	7941	28857	3202
35	7864	28800	3336
36	8247	28502	3251
37	7932	28774	3294
38	7972	28706	3322
39	8019	28736	3245
40	8106	28719	3175
41	7867	28797	3336
42	8051	28697	3252
43	8018	28804	3178
44	7888	28787	3325
45	7918	28790	3292
46	7998	28736	3266
47	8067	28707	3226
48	8158	28533	3309
49	8115	28697	3188
50	7928	28723	3349
51	8108	28611	3281
52	8028	28700	3272
53	7924	28675	3401
54	8030	28633	3337
55	8005	28708	3287
56	7833	28927	3240
57	8154	28682	3164
58	8035	28782	3183
59	8003	28615	3382
60	8096	28673	3231
61	8091	28677	3232
62	7935	28777	3288
63	7827	28950	3223
64	8063	28655	3282
65	8053	28629	3318
66	7994	28713	3293
67	7947	28810	3243
68	7885	28817	3298
69	7835	28909	3256
70	7922	28743	3335
71	7881	28768	3351
72	7971	28841	3188
73	8091	28673	3236
74	7638	28907	3455
75	8066	28574	3360
76	8040	28767	3193
77	7955	28841	3204
78	7837	28766	3397
79	8078	28549	3373
80	8183	28680	3137
81	8152	28594	3254
82	7802	28884	3314
83	8239	28589	3172
84	8096	28660	3244
85	7955	28797	3248
86	8124	28645	3231
87	7859	28757	3384
88	8124	28631	3245
89	7914	28815	3271
90	8038	28868	3094
91	7989	28664	3347
92	7835	28720	3445
93	7884	28872	3244
94	8052	28739	3209
95	7940	28770	3290
96	7903	28733	3364
97	7974	28689	3337
98	7946	28777	3277
99	8091	28695	3214
100	7880	28853	3267
101	7936	28816	3248
102	8068	28685	3247
103	8244	28550	3206
104	8171	28615	3214
105	7901	28877	3222
106	7916	28812	3272
107	8224	28566	3210
108	7970	28788	3242
109	7935	28741	3324
110	8101	28669	3230
111	7905	28817	3278
112	7874	28838	3288
113	7897	28780	3323
114	7999	28770	3231
115	8089	28577	3334
116	7891	28790	3319
117	8235	28546	3219
118	8093	28776	3131
119	8122	28637	3241
120	7942	28661	3397
121	8043	28580	3377
122	8066	28751	3183
123	8085	28571	3344
124	7990	28708	3302
125	7977	28748	3275
126	7953	28750	3297
127	8106	28704	3190
128	8079	28640	3281
129	8109	28691	3200
130	8069	28646	3285
131	7851	28871	3278
132	7965	28776	3259
133	7810	28921	3269
134	8001	28710	3289
135	8103	28657	3240
136	7831	28861	3308
137	8104	28607	3289
138	7940	28745	3315
139	7988	28774	3238
140	8076	28633	3291
141	8062	28738	3200
142	7888	28779	3333
143	8113	28589	3298
144	8077	28623	3300
145	7992	28779	3229
146	8229	28560	3211
147	7870	28704	3426
148	8049	28721	3230
149	7981	28648	3371
150	7915	28663	3422
151	8084	28614	3302
152	7920	28829	3251
153	8125	28704	3171
154	8062	28602	3336
155	7965	28759	3276
156	7902	28778	3320
157	7974	28670	3356
158	8064	28751	3185
159	7930	28681	3389
160	8040	28632	3328
161	8043	28635	3322
162	8107	28559	3334
163	7765	28916	3319
164	7939	28772	3289
165	7902	28771	3327
166	7999	28741	3260
167	8131	28563	3306
168	8063	28710	3227
169	7835	28897	3268
170	8013	28809	3178
171	8029	28766	3205
172	8121	28609	3270
173	7940	28670	3390
174	7831	28859	3310
175	8074	28770	3156
176	8009	28676	3315
177	8090	28604	3306
178	8049	28661	3290
179	7971	28704	3325
180	7918	28763	3319
181	8175	28535	3290
182	8019	28678	3303
183	7942	28731	3327
184	8055	28699	3246
185	8098	28767	3135
186	7984	28686	3330
187	8089	28591	3320
188	7899	28748	3353
189	7834	28877	3289
190	7946	28720	3334
191	8093	28560	3347
192	8096	28649	3255
193	7815	28790	3395
194	7763	28828	3409
195	8262	28516	3222
196	8097	28667	3236
197	7903	28853	3244
198	8118	28648	3234
199	8037	28726	3237
200	7976	28799	3225
201	8093	28611	3296
202	8035	28779	3186
203	8029	28721	3250
204	8012	28769	3219
205	7919	28672	3409
206	8090	28573	3337
207	7787	28937	3276
208	8062	28650	3288
209	8234	28631	3135
210	8070	28610	3320
211	7872	28800	3328
212	7899	28849	3252
213	7886	28790	3324
214	8242	28601	3157
215	8116	28679	3205
216	7890	28699	3411
217	8256	28561	3183
218	7974	28720	3306
219	7951	28747	3302
220	7876	28811	3313
221	8024	28736	3240
222	7963	28708	3329
223	8255	28553	3192
224	7738	28879	3383
225	8069	28652	3279
226	7937	28734	3329
227	7999	28670	3331
228	7910	28781	3309
229	8073	28661	3266
230	8099	28646	3255
231	8078	28685	3237
232	8087	28674	3239
233	8121	28597	3282
234	8144	28643	3213
235	7978	28848	3174
236	7968	28834	3198
237	7861	28756	3383
238	8003	28718	3279
239	8054	28729	3217
240	7959	28761	3280
241	7980	28775	3245
242	7974	28694	3332
243	8042	28660	3298
244	8235	28546	3219
245	7956	28744	3300
246	8238	28485	3277
247	8062	28672	3266
248	8200	28611	3189
249	7980	28767	3253
250	8053	28673	3274
251	7967	28675	3358
252	7979	28841	3180
253	7909	28856	3235
254	7998	28700	3302
255	8059	28682	3259
256	8043	28816	3141
257	8194	28609	3197
258	7997	28630	3373
259	7987	28647	3366
260	7976	28665	3359
261	7884	28801	3315
262	8031	28774	3195
263	7912	28837	3251
264	7811	28839	3350
265	8007	28853	3140
266	8196	28691	3113
267	8016	28616	3368
268	7832	28875	3293
269	8088	28689	3223
270	7907	28793	3300
271	8012	28632	3356
272	8121	28682	3197
273	7897	28814	3289
274	7988	28763	3249
275	8065	28679	3256
276	8050	28695	3255
277	7812	28819	3369
278	7795	28805	3400
279	8009	28634	3357
280	8007	28669	3324
281	7962	28763	3275
282	8121	28680	3199
283	7927	28830	3243
284	8027	28674	3299
285	7884	28774	3342
286	8000	28725	3275
287	7960	28613	3427
288	7951	28753	3296
289	8055	28655	3290
290	8111	28678	3211
291	7963	28784	3253
292	7875	28805	3320
293	8022	28745	3233
294	8029	28620	3351
295	7933	28756	3311
296	7989	28734	3277
297	8000	28764	3236
298	8265	28586	3149
299	7929	28846	3225
300	7955	28856	3189
301	7922	28761	3317
302	7929	28675	3396
303	8021	28686	3293
304	7964	28736	3300
305	7889	28827	3284
306	8042	28718	3240
307	7888	28754	3358
308	8007	28698	3295
309	8135	28600	3265
310	7782	28858	3360
311	8174	28657	3169
312	8114	28655	3231
313	7868	28831	3301
314	7864	28896	3240
315	8026	28805	3169
316	8209	28506	3285
317	7944	28769	3287
318	7840	28807	3353
319	8006	28768	3226
320	8220	28513	3267
321	7767	28777	3456
322	7836	28761	3403
323	7920	28836	3244
324	7901	28700	3399
325	7867	28878	3255
326	7818	28931	3251
327	7935	28708	3357
328	7880	28875	3245
329	8182	28601	3217
330	7978	28684	3338
331	7835	28855	3310
332	7926	28854	3220
333	8255	28529	3216
334	8053	28779	3168
335	7955	28695	3350
336	8087	28763	3150
337	7859	28736	3405
338	8087	28605	3308
339	8056	28725	3219
340	8139	28761	3100
341	7978	28840	3182
342	8042	28646	3312
343	7986	28764	3250
344	8043	28680	3277
345	8017	28757	3226
346	8092	28674	3234
347	8020	28699	3281
348	7928	28867	3205
349	8066	28798	3136
350	7826	28864	3310
351	7902	28845	3253
352	7876	28717	3407
353	8016	28585	3399
354	8054	28719	3227
355	8057	28613	3330
356	7851	28806	3343
357	8144	28696	3160
358	7857	28846	3297
359	7984	28778	3238
360	8067	28702	3231
361	7907	28749	3344
362	8069	28550	3381
363	8202	28597	3201
364	8117	28778	3105
365	8049	28739	3212
366	7782	28842	3376
367	7978	28790	3232
368	7925	28729	3346
369	7979	28800	3221
370	7998	28668	3334
371	8037	28680	3283
372	8136	28607	3257
373	8077	28607	3316
374	7930	28800	3270
375	8038	28789	3173
376	7952	28916	3132
377	8055	28681	3264
378	8096	28700	3204
379	8150	28600	3250
380	8106	28571	3323
381	7798	28847	3355
382	7904	28737	3359
383	7898	28734	3368
384	7879	28970	3151
385	7888	28889	3223
386	8142	28672	3186
387	7986	28722	3292
388	7924	28847	3229
389	7931	28666	3403
390	8130	28701	3169
391	7942	28803	3255
392	8052	28595	3353
393	7983	28724	3293
394	7960	28812	3228
395	7997	28674	3329
396	7998	28755	3247
397	8048	28664	3288
398	8076	28669	3255
399	7877	28901	3222
400	8058	28645	3297
401	7820	28910	3270
402	7901	28976	3123
403	8037	28678	3285
404	7902	28884	3214
405	8015	28728	3257
406	7860	28877	3263
407	8190	28532	3278
408	8021	28582	3397
409	7907	28713	3380
410	7872	28764	3364
411	7999	28743	3258
412	7891	28826	3283
413	7986	28636	3378
414	7821	28805	3374
415	8037	28707	3256
416	7942	28770	3288
417	7855	28934	3211
418	8105	28581	3314
419	8139	28635	3226
420	7944	28756	3300
421	7984	28750	3266
422	8123	28678	3199
423	8136	28731	3133
424	7950	28727	3323
425	7962	28664	3374
426	8174	28471	3355
427	7859	28779	3362
428	7834	28767	3399
429	7653	28947	3400
430	8061	28746	3193
431	7943	28758	3299
432	7960	28777	3263
433	7850	28806	3344
434	7907	28892	3201
435	8147	28687	3166
436	8100	28637	3263
437	8020	28779	3201
438	7881	28823	3296
439	8015	28760	3225
440	8002	28707	3291
441	7973	28797	3230
442	7996	28713	3291
443	8113	28572	3315
444	7774	28826	3400
445	7914	28786	3300
446	7962	28683	3355
447	7905	28670	3425
448	8072	28592	3336
449	8170	28727	3103
450	8151	28611	3238
451	8059	28707	3234
452	8025	28771	3204
453	8039	28708	3253
454	7863	28769	3368
455	8043	28627	3330
456	8083	28607	3310
457	8112	28696	3192
458	8141	28587	3272
459	8100	28558	3342
460	7882	28855	3263
461	7998	28728	3274
462	8036	28734	3230
463	7845	28825	3330
464	8219	28597	3184
465	8112	28621	3267
466	7901	28877	3222
467	8037	28647	3316
468	7898	28714	3388
469	7983	28834	3183
470	8105	28603	3292
471	8106	28706	3188
472	7926	28697	3377
473	8150	28594	3256
474	7897	28772	3331
475	7836	28841	3323
476	8012	28756	3232
477	8098	28566	3336
478	7960	28769	3271
479	7972	28731	3297
480	7881	28880	3239
481	8101	28617	3282
482	7965	28735	3300
483	7982	28774	3244
484	7892	28795	3313
485	8249	28649	3102
486	7980	28805	3215
487	8036	28777	3187
488	8091	28748	3161
489	8132	28668	3200
490	8056	28810	3134
491	7968	28771	3261
492	7699	28978	3323
493	8049	28755	3196
494	7926	28844	3230
495	7927	28815	3258
496	7831	28878	3291
497	8063	28722	3215
498	7916	28812	3272
499	8041	28757	3202
